Resolution: 4.000000
Blocks (Total): 512.000000
Threads (Total): 1048576
Cells (Total): 262144
Particles (Total): 1048576


BREAK


50.75 60 3.125

50.75 60 3.125

50.75 60 3.125

50.75 60 3.125

50.7455 60.0356 3.04383



BREAK


50.7455 60.0356 3.04383

50.7455 60.0356 3.04383

50.7455 60.0356 3.04383

50.7455 60.0356 3.04383

50.8364 60.1231 2.87779



BREAK


50.8364 60.1231 2.87779

50.8364 60.1231 2.87779

50.8364 60.1231 2.87779

50.8364 60.1231 2.87779

50.953 60.091 2.8417



BREAK


50.953 60.091 2.8417

50.953 60.091 2.8417

50.953 60.091 2.8417

50.953 60.091 2.8417

51.0831 60.037 2.83258



BREAK


51.0831 60.037 2.83258

51.0831 60.037 2.83258

51.0831 60.037 2.83258

51.0831 60.037 2.83258

51.1853 59.9998 2.87047



BREAK


51.1853 59.9998 2.87047

51.1853 59.9998 2.87047

51.1853 59.9998 2.87047

51.1853 59.9998 2.87047

51.2745 59.9718 2.91109



BREAK


51.2745 59.9718 2.91109

51.2745 59.9718 2.91109

51.2745 59.9718 2.91109

51.2745 59.9718 2.91109

51.2052 60.0348 2.765



BREAK


51.2052 60.0348 2.765

51.2052 60.0348 2.765

51.2052 60.0348 2.765

51.2052 60.0348 2.765

51.0316 60.2188 2.63206



BREAK


51.0316 60.2188 2.63206

